['experi'	0
 'rabbit'	0,0,0,1,1,1,1,20,20,20,20,20,20,20,20,20,20,20,20,20,20,20,20,20,20,20,20,20,20,27,27,27,40,40,63,63,67,82,98
 'easi'	0,2,10,20,20,20,20,31,33,41,44,51,52,63,71,81,88,91,95,98
 'housebreak'	0
 'like'	0,2,7,8,15,17,20,20,20,23,23,24,25,25,26,28,29,29,29,29,29,29,29,30,31,31,31,33,34,34,38,38,39,39,39,41,43,46,46,47,48,48,48,48,49,60,61,61,62,64,69,69,70,70,75,75,75,75,75,75,78,80,82,82,82,84,86,88,89,91,91,94,94,96,97,98,100,100,100
 'pee'	0,0,20
 'poop'	0,0,10
 'place'	0,0,20,20,24,26,47,60,60,60,60,62,62,64,70,70,71,72,77,77,78,80,97
 'everi'	0,5,19,36,44,52,61,80,82,92,98,98
 'time'	0,2,5,6,8,11,12,19,20,20,20,20,20,22,26,26,28,28,28,28,28,34,34,36,39,39,39,39,39,48,63,63,64,65,67,67,69,70,70,71,71,75,75,75,76,78,82,89,89,90,90,90,90,90,91,91,91,98
 'case'	0,12,28,30,48,48,61,61,62,62,63,68,68,68,76,77,90,91,99
 'put'	0,0,0,9,23,24,31,43,64,69,80,90,98
 'littl'	0,0,6,11,22,28,32,34,43,66,66,70,73,75,89,91,91,91
 'bit'	0,0,11,16,23,26,28,30,39,44,44,68,70,72,88,95
 'wast'	0,0,0,0,20,20
 'litter'	0,0,0,0,0,0,0,0,0,0,1,1,1,1,20,20,20,20,20,20,20,20,20,20,20,20,20,20,20,20,20,20,20,20,20,96,96,98,100
 'box'	0,0,0,0,0,0,0,0,0,0,0,0,0,0,1,1,20,20,20,29,29,43,43,43,43,43,43,43,43,43,96
 'happili'	0
 'use'	0,0,0,0,0,1,1,1,2,9,10,14,20,20,20,20,20,20,20,22,22,25,25,25,26,28,28,28,29,29,33,34,34,36,36,38,41,41,44,56,58,58,64,64,69,70,70,70,70,70,70,70,70,70,70,70,70,70,70,71,71,71,71,71,73,75,76,77,77,78,81,82,82,82,82,82,86,92,92,92,92,92,92,93,97,97
 'import'	0,0,2,5,17,34,36,46,52,69,70,82,82,82,89,89,99
 'go'	0,0,2,3,3,4,5,8,9,12,12,12,18,19,20,20,20,20,20,24,28,28,33,38,44,44,46,46,46,46,51,53,60,61,65,70,71,71,75,75,78,89,90,90,90,91,91,93
 'somewher'	0,60,60
 'els'	0,20,20,28,30,51,60,75,96,98
 'miss'	0,53,90
 'edg'	0,33
 'kick'	0,0,47
 'clean'	0,0,0,0,20,20,20,20,20,20,41,41,41,52,58,62,63,87,89,96,98,98
 'well'	0,0,4,5,8,9,10,19,20,25,26,26,26,26,28,33,47,69,73,77,78,78,80,82,86,91,91,99,100
 'immedi'	0,6,87,96
 'otherwis'	0,6,28,41,90,93
 'spot'	0,20,20,20,20,26,43,70,71
 'becom'	0,35,35,70,90,91,91,93,95
 'exist'	0,45,75
 'save'	0,6,39,71
 'smell'	0,11,20,20,20,20,30,30,34,34,92,93,93
 'right'	0,2,5,12,20,20,64,90
 'foolproof'	0
 'method'	0,0,0,84
 'get'	0,2,4,10,17,17,19,19,20,20,21,23,26,28,28,28,28,28,28,28,28,28,29,34,34,34,35,36,36,36,38,41,44,44,44,44,44,47,49,51,52,52,52,61,61,63,64,64,64,64,69,70,71,71,71,75,75,75,75,75,76,78,78,89,90,92,93,96,96,98,100,100,100,100
 'piec'	0,41,41,41,41,41,44,58
 'wood'	0,0,0,20,54,67,67,67,97
 'soak'	0,49,59
 'urin'	0,42,85
 'along'	0
 'drop'	0,20,41,63,63,98,98
 'cage'	0,0,0,0,76,98
 'week'	0,0,68,71,75,78,80,98
 'gener'	0,15,19,27,30,35,39,39,39,39,49,52,52,63,75,82,83,90,90,100
 'tri'	0,2,2,4,5,5,12,13,17,19,20,29,29,34,36,38,40,43,44,44,44,46,46,48,52,60,62,62,63,65,69,69,69,70,71,71,80,82,87,89,91,94,96,96,96,96,99
 'first'	0,0,4,4,20,20,34,34,34,35,44,47,52,65,70,72,72,75,78,78,89,90,91,91,91
 'find'	0,2,13,13,14,17,19,20,20,26,28,28,28,29,29,31,34,37,40,45,45,48,48,48,60,62,69,69,69,70,70,70,70,71,96,98
 'day'	0,5,17,19,23,26,26,28,52,60,60,60,70,70,78,78,80,82,90,90,91,98,98,98,99,99
 'block'	0
 'work'	0,9,13,20,24,28,30,34,38,38,44,46,52,61,64,64,65,72,75,80,87,87,99
 'move'	0,1,20,28,30,30,36,36,36,51,67
 'hutch'	0,20
 'outdoor'	0,26,29,90,90
 'indoor'	0,0,29,70,100
 'attach'	0,33,41
 'section'	0,20,20
 'sure'	0,0,12,19,26,32,35,44,52,60,66,71,75,75,78,80,91,92,98,98,98,100
 'clay'	0
 'newsprint'	0
 'type'	0,28,28,85,98
 'necessarili'	0
 'good'	0,6,6,6,8,16,19,26,28,28,28,28,31,36,36,38,44,44,64,67,70,70,71,71,71,72,75,76,78,82,84,84,88,91,95
 'okay'	0,39,49,60
 'fir'	0
 'thing'	0,2,4,7,11,20,23,27,28,28,28,28,31,34,36,38,44,47,49,50,50,59,59,64,69,69,70,71,78,80,80,86,89,90,91,91
 'anywher'	0
 'accid'	0,1,5,5,20,35,46
 'high'	0,6,20,25,26,28,44,70,82,82,82,82,82,82,84,89,89,91
 'side'	0,2,43,43,79,91
 'help'	0,9,14,18,18,19,19,19,20,20,24,26,28,28,29,30,33,35,43,51,58,64,64,65,71,71,73,73,73,87,87,89,96,98,100
 'avoid'	0,19,20,25,27,52,67,70,70,77,98
 'soil'	0,20,97
 'big'	0,2,27,30,47,56,71,81,82,84,88,98,98
 'caus'	0,2,25,30,49,50,77,97,100
 'failur'	0
 'experi']	0
['rabbit'	1,20,63
 'easili'	1,43,100
 'train'	1,1,1,1,1,3,4,5,5,8,20,20,28,46,46,75,76,81,82,82,82,90,91,91,91
 'tray'	1,20,20,20,20,20,20,20,20,20,20,20,20,20,20
 'sometim'	1,2,59,60,73,77,80
 'reliabl'	1
 'averag'	1,28,88
 'cat'	1,1,6,6,6,6,7,7,11,11,11,13,13,13,13,14,15,15,15,15,15,16,17,19,19,19,19,19,20,20,20,21,21,22,22,22,22,23,24,25,25,25,26,26,26,26,26,26,26,26,29,29,29,29,29,29,29,29,31,31,31,31,31,32,43,43,43,43,43,43,47,47,47,47,47,47,47,47,47,47,48,48,48,48,48,48,48,48,49,49,49,49,49,49,50,50,50,51,51,53,64,64,64,64,64,64,64,64,64,83,90,94,94,96,96,96,96,98,100,100,100,100,100,100,100,100,100
 'natur'	1,1,5,8,20,20,30,54,63,70,70,75,75,80,93,93,97
 'instinct'	1,7,97
 'wild'	1,29,47,71
 'one'	1,5,7,10,17,20,20,20,20,20,20,20,20,25,26,27,28,28,29,29,30,30,31,34,41,41,44,44,47,47,53,59,60,61,62,64,64,64,64,68,69,70,70,71,71,75,75,75,75,78,78,78,80,84,86,90,91,91,91,96,98,99,99
 'area'	1,1,1,3,4,8,20,20,20,20,20,26,26,30,30,46,46,48,52,52,57,63,63,63,63,70,70,70,95
 'latrin'	1
 'still'	1,2,4,22,28,28,36,47,51,65,69,71,72,72,84,84,90
 'appar'	1,23
 'domest'	1,10,47,48
 'counterpart'	1
 '1'	1,1,17,48,48,48,48,56,60,72,75,82,82
 'actual'	1,7,28,34,48,64,91
 'process'	1,6,28,35,69,70
 'similar'	1,29,30,47,50,59,71,100
 'pad'	1,26
 'dog'	1,2,2,2,2,3,4,4,4,5,5,6,7,8,8,8,8,8,8,9,9,9,10,10,10,10,12,12,12,12,12,18,18,18,24,24,28,28,28,28,28,28,28,28,28,28,28,28,28,28,28,28,28,28,28,28,28,28,28,30,30,30,30,30,30,30,30,30,30,30,30,30,30,30,30,30,30,30,35,35,35,35,35,35,35,35,35,35,35,35,36,36,36,36,36,36,36,36,36,36,36,36,36,38,38,38,38,38,39,42,44,44,44,44,46,46,47,53,53,59,60,60,61,61,61,62,62,62,62,65,65,65,68,69,71,71,71,71,71,71,72,72,72,72,73,74,75,75,75,75,75,75,75,75,75,75,75,78,78,78,78,78,78,80,80,80,80,80,80,80,80,80,80,80,80,80,80,83,83,84,84,84,84,84,84,84,84,85,85,85,85,85,85,85,85,85,85,85,86,87,87,88,88,88,88,88,88,89,89,89,89,89,90,90,90,90,90,90,90,90,90,90,91,91,91,91,91,91,91,91,91,91,91,91,91,91,91,91,91,91,91,91,91,91,91,91,91,92,92,92,92,93,93,93,93,93,97,97,97,97,97,98,98,98,98,99,99
 'keep'	1,2,3,4,10,16,20,21,23,23,23,23,28,28,28,30,34,36,36,46,48,49,52,52,55,57,57,61,70,70,70,76,78,78,79,80,81,81,82,82,87,89,90,90,91,91,98
 'confin'	1,20,20,90
 'small'	1,4,8,20,20,31,31,33,33,34,38,44,44,44,44,44,48,49,52,52,57,58,63,64,70,71,82,82,83,84,88,90
 'start'	1,2,3,20,20,28,28,28,35,35,36,36,38,44,44,44,54,64,67,75,76,78,78,80,80,88,89
 'busi'	1,75,90
 'sourc'	1,2,6,42,62,92
 'link'	1,74,95
 'detail'	1,48
 'emma'	1
 'magnu'	1
 'msc'	1
 'associ'	1,8,28,28,31,36,38,46,49,85,85,85
 'pet'	1,8,8,8,10,14,14,18,18,24,27,28,34,34,34,34,34,34,34,34,34,34,34,39,39,39,39,39,47,52,60,61,70,70,70,70,70,70,70,70,70,70,70,70,70,70,70,70,70,70,70,70,73,73,73,75,75,75,75,75,82,82,82,83,91,92,98,98,98,98,98,98,99,99,99,99,99
 'behaviour'	1,28,28,28,28,29,30,30,31,32,36,36,63,72,85,91
 'counsellor'	1
 'apbc'	1
 'org'	1
 'uk']	1
['could'	2
 'multitud'	2
 'lack'	2,39
 'exercis'	2,7,7,7,17,19,19,19,19,19,19,22,28,36,69,69,90,90,90
 'play'	2,13,14,17,17,19,20,25,29,34,35,38,43,44,61,61,65,71,71,71,71,75,75,75,78,80,86,94
 'role'	2
 'act'	2,2,70,70,75,86
 'lot'	2,4,7,16,20,22,28,28,31,34,38,38,38,43,44,47,49,64,71,71,75,75,76,80
 'unus'	2
 'energi'	2,25,26,69,71,71,90
 'give'	2,3,4,11,13,15,23,24,25,26,28,29,29,30,34,35,43,44,44,44,53,60,61,61,63,66,66,70,70,73,73,75,77,78,82,86,86,87,89,89,91,91,99
 'treat'	2,2,8,16,16,16,16,27,28,28,28,29,38,44,44,44,52,67,70,70,70,70,70,71,82,82,82,82,82,82,82,84,84,95,95
 'prais'	2,2,8,28,38,46,46,60
 'encourag'	2,20,34,46,76
 'behavior'	2,12,13,13,15,30,68,68,69,75,80,80,82,82,85,85,85,85,90,94,96
 'prevent'	2,5,30,30,50,70,87,89,100,100
 'want'	2,2,2,2,3,4,5,5,6,16,18,20,20,28,28,29,29,31,34,34,34,38,46,51,60,62,65,71,72,75,75,83,86,87,90,91,94,98,100
 'refrain'	2
 'mean'	2,4,7,18,20,20,28,28,28,28,30,33,62
 'make'	2,11,11,12,16,19,20,26,27,27,28,30,32,33,33,34,35,38,41,43,43,44,51,52,64,64,64,65,70,70,71,71,71,71,75,75,78,78,81,82,82,82,85,88,91,91,91,91,94,96,97,98,98,98
 'clear'	2,91,98
 'focu'	2,44
 'attent'	2,2,13,13,30,35,35,35,35,69,71,75,75,75,75,82,91,96
 'come'	2,11,20,25,26,30,36,39,49,67,69,71,82,87,87,89,99
 'across'	2
 'child'	2,28,28,28,28,28,28,28,28,28,28,28,28,28,28,28,28,28,34,35,70,78,91,91,91,98,98,98,99,99
 'anoth'	2,11,20,20,25,28,33,48,48,53,53,54,75,76,78,91,94
 'next'	2,23,28,30,52,70,78,79,87,90
 'never'	2,47,52,52,71,81,91,91,91,97
 'front'	2,2
 'short'	2,8,26,26,28,28,28,32,65,70,74,83,90,100
 'leash'	2,2,4,4,28,44,70
 'pull'	2,33,50
 'tilt'	2
 'upward'	2,9
 'creat'	2,35,77
 'unusu'	2,6,49
 'pressur'	2,33,33
 'bottom'	2,41,43
 'neck'	2
 'look'	2,2,6,14,16,18,19,28,28,28,45,51,56,61,75,75,76
 'see'	2,8,8,11,17,23,30,31,32,49,52,52,62,63,77,86,91,95,96,98,99
 'turn'	2,3,39,54,95,99
 'forc'	2,2,28,73,90,90
 'nudg'	2
 'leg'	2,9,20,68,77
 'yield'	2
 'step'	2,28,38,44,44,44,44,49,75,75,78
 'hold'	2,9,9,29,34,52,78
 'muzzl'	2
 'also'	2,5,5,7,12,13,13,18,20,23,23,26,26,29,30,33,34,35,36,42,43,48,49,52,52,52,52,52,54,58,60,60,64,64,65,70,70,71,71,73,76,78,79,82,89,91,91,93,95,95,95,98,100
 'remain'	2,46
 'calm'	2,24,69,69,69,69,71,71,94
 'upset'	2,34,49,96
 'abil'	2,30,39
 'read'	2,6
 'emot'	2,5,8
 'tens'	2
 'angri'	2,94
 'tune'	2
 'person'	2,8,28,31,36,36,36,71,71,71,75,78,78,96,96
 'experi'	2,20,20,32,51,62,71,75,75,93
 'black'	2,55
 'lab'	2
 'guid'	2
 'insight'	2
 'cesar'	2,9,9,74
 'millan']	2
['lot'	3,29,99
 'success'	3,5,30,36,47,47,80
 'crate'	3,3,3,3,5,12,24,24
 'reliev'	3,3,20,20,46,59,90
 'sleep'	3,12,70,71,97
 'eat'	3,5,10,18,20,40,40,58,58,64,64,64,66,81,81,81,91
 'enclos'	3,20,20,20,20,43
 'bring'	3,8,31,31,34,35,35,47,52,65,67,69,69,69,75,80,90
 'outsid'	3,20,29,44,70,90,90,90,94
 'teach'	3,8,71,71,76,76
 'ok'	3,28,44,90
 'recommend'	3,9,10,25,42,59,59,64,68,70,70,82,82,85,89,90,100
 'buy'	3,7,7,17,29,52,91,99
 'expand'	3
 'enough'	3,3,19,26,30,30,33,33,38,48,53,64,66,69,70,75,82,90,90,98
 'room'	3,36,48,56,56,70,75,75
 'stand'	3,44,44
 'around'	3,28,28,30,35,35,35,35,35,39,43,52,52,58,70,70,71,71,75,76,77,78,80,80
 'corner'	3,20,20,20,20,20,20,52
 'grow'	3,19,20,80
 'increas'	3,38,44,82,85,85
 'size'	3,36,44
 'accordingli'	3
 'human'	3,6,15,22,25,25,37,39,39,47,47,47,49,59,69,70,80,80,83,84,85,89,91,91,91
 'societi'	3,34
 'great'	3,7,27,43,45,65,82,82,91
 'info'	3
 'train']	3
['see'	4
 'whisper'	4,9,9
 'sens'	4,11,53
 'anxieti'	4,4
 'owner'	4,8,20,62,70,80,83,91,96
 'need'	4,7,7,18,19,19,20,20,39,56,56,57,70,70,70,70,70,70,70,71,71,82,89,90,90,90,90,90,92
 'awar'	4,35
 'walk'	4,4,4,4,4,8,8,8,8,9,19,28,30,44,44,69,91,91,98,98,98
 'puppi'	4,4,4,4,4,4,5,5,5,5,9,47,47,52,69,69,69,78,78,78,78,80,80,80,80,80
 'far'	4,22,30,81,91,93,100
 'fear'	4,8,8,8,8,9,28,28,28,44,44
 'unnatur'	4
 'acclim'	4,34
 'urban'	4,8,8,8,9
 'happen'	4,5,5,6,7,20,28,28,28,28,36,38,43,46,49,71,71,72,78,89,94,96
 'accompani'	4
 'eye'	4,21,21,22,22,25,25,52,52,55,70,70,70,75
 'forward'	4
 'heel'	4
 'wander'	4
 'yank'	4
 'accustom'	4,8,78
 'calmer'	4
 'noisi'	4
 'environ']	4
['paperjam'	5
 'probabl'	5,6,16,28,30,51,51,98,100
 'effect'	5,8,25,49,53,61,73,82,85,85,85,85,95
 'way'	5,5,8,8,14,19,20,25,25,28,28,30,30,30,30,31,33,39,42,47,50,53,60,71,71,75,86,90,91,97
 'quickli'	5,28
 'housetrain'	5
 'add'	5,20,53,54,70,72,91,99
 'routin'	5,34,47,85
 'incred'	5
 'hous'	5,12,20,20,31,33,34,36,38,44,46,52,52,60,61,70,70,70,72,75,75,75,75,78,78,89,90,95,99
 'take'	5,5,6,12,19,19,20,26,28,30,38,39,46,49,60,60,60,62,69,69,69,70,72,75,75,75,75,75,75,75,75,75,76,78,84,89,91,96,98,98,99,99
 'schedul'	5,39
 'shortli'	5,5
 'might'	5,6,9,25,25,26,28,28,29,29,29,29,30,30,30,30,34,35,35,36,36,39,41,52,64,65,67,69,71,71,78,89,90,90,100
 '30'	5,44
 'minut'	5,19,28,52,70,71,81
 'meal'	5,46,89,90,90
 'set'	5,28,36,39,44,44,63,80
 'pup'	5,80,80,80
 'lastli'	5
 'let'	5,12,33,42,45,60,61,69,69,70,70,72,78,78,80,90,99
 'emphas'	5
 'frustrat'	5,7
 'end'	5,25,52,100
 'world'	5
 'scold'	5
 'rub'	5,58,59,87,92,97
 'nose'	5,20,55,71
 'realli'	5,6,16,18,18,22,27,28,28,30,30,30,47,62,62,62,68,75,77,82,84,99,99
 'learn'	5,12,15,20,26,30,30,30,30,36,71,71,71,80
 'usual'	5,15,19,22,28,29,30,32,33,63,67,71
 'ape'	5
 'appeas'	5
 'figur'	5,90
 'wrong'	5,28,28,36,89
 'rather'	5,20,20,28,39,47,56,60
 'react'	5,11,28,28,80
 'alreadi'	5,58,98,98,98,98
 'transpir']	5
['feed'	6
 'raw'	6,6
 'meat'	6,6,6,6,6,6,10,18
 'oblig'	6
 'carnivor'	6,18
 'introduc'	6,6,58,63,67,78,91
 'bacteria'	6,42
 'contamin'	6
 'understand'	6,60,60,63,75,88,99
 'care'	6,6,14,20,31,33,33,35,41,52,70,72,75,75,75,84,98,99
 'diet'	6,82,82,82,88,89,89
 'trust'	6,64,80,91
 'local'	6,78,91
 'butcher'	6
 'follow'	6,49,60,70,71,75,75,75,75,78,82,91
 'practic'	6,28,51,51,60,78
 'bone'	6,61,91
 'sign'	6,13,44,71
 'monitor'	6,63
 'anyth'	6,7,28,30,40,43,72,93
 'concern'	6,25,42,90,90
 'stool'	6
 'vomit'	6,15
 'etc'	6,8,23,25,28,29,29,31,34,34,35,35,39,39,43,44,57,75,75,75,86,91,97
 'stop'	6,13,13,15,15,30,30,53,69,78,78,78
 'potenti'	6,49
 'vet'	6,14,42,42,42,50,62,64,68,74,87,89,89,93
 'check'	6,14,37,89,90
 'asid'	6,10
 'food'	6,10,10,10,15,18,18,18,20,28,28,28,29,29,44,46,64,64,64,64,64,64,64,64,64,66,70,71,81,81,81,82,88,88,89,89,89,90,90,90,90,91,91,91,94,96
 'product'	6,6,11,15,15,18,49
 'much'	6,7,14,19,19,20,20,20,21,22,23,27,27,34,36,52,52,58,69,70,71,81,81,92,98,99
 'fill'	6,77
 'spend'	6,19,20,34,75,75
 'label'	6
 'volum'	6,18,38,38,44,44,44,44,44,57
 'appreci']	6
['cat'	7,13,50,51
 'importantli'	7
 'share'	7,75,75
 'kill'	7,7,7,7,25,25,31,70,90
 'except'	7,10,50,52,70
 'degre'	7
 'would'	7,10,15,30,30,30,30,30,46,49,49,52,60,60,61,62,70,70,72,75,75,77,78,80,81,88,90,91,91,91,91,92,95,98,98,98
 'say'	7,10,10,12,30,30,35,37,39,49,52,60,60,72,87,88,91,91,94,99
 'interact'	7,34,34,69,82,96
 'toy'	7,7,8,17,22,22,25,28,29,29,29,31,43,51,61,64,69,69,71,86
 'someth'	7,7,7,7,7,14,20,25,25,29,29,30,34,44,49,61,70,71,71,72,80,86,89,91,96,96,100
 'mous'	7,17,43
 'chew'	7,61,67,67
 'laser'	7,21,21,21,22,22,22,22,25,25,25,25,25,25
 'chase'	7,7,29
 'build'	7,10,19,19,20,20,28,30,44,73
 'aggress']	7
['dog'	8,30,86
 'young'	8,17,19,19,19,72,78,80,84,85,91,95
 'think'	8,8,8,16,37,53,60,64,75,76,83,84,84,89,89,94,100
 'slowli'	8,20,28,28,33,36,36,39,44,54,63,64,99
 'respons'	8,28,75,75,75,75,82,98,98,98,99,99
 'cower'	8,44
 'wimper'	8,52
 'consol'	8
 'dissuad'	8
 'ignor'	8,69,71
 'feed'	8,10,15,20,44,45,64,71,75,90,90,95,95,98
 'best'	8,10,14,20,28,46,60,72,86,89,98
 'bet'	8,69,69
 'fun'	8,8,43,51,63,80,98
 'zani'	8
 'unpredict'	8
 'burt'	8
 'sprint'	8
 'eventu'	8,12,20,47,64,69,69,75
 'begin'	8,70
 'spirit'	8
 'univers'	8,25
 'agre'	8
 'upon'	8,99
 'among'	8
 'trainer'	8,71
 'believ'	8,8
 'true'	8,51
 'other'	8,19,30,50,75,85
 'harm'	8,49,50,73,93
 'procedur'	8
 'subscrib'	8
 'theori'	8,11,11,11
 'want']	8
['trick'	9
 'milan'	9
 'break'	9,44,44,44,46,51,84,91
 'live'	9,20,48,57,71,71,88,88
 'environ'	9,29,35,70,70,70,70,70,70,78,80
 'tail'	9,9,9,9,50,50,50
 'afraid'	9,47
 'tend'	9,13,27,30,30,31,49,52,52,75,80,80,83,83,88,100
 'head'	9,36,52,70,96
 'bow'	9
 'comfort'	9,20,28,28,28,28,30,36,38,47,47,47
 'surround'	9,78
 'simpli'	9,9,15,28,48,58,80,81,92,98
 'dachshund'	9
 'feel'	9,10,30,30,30,43,43,63,64,82,91,99
 'confid'	9,30
 'seem'	9,11,23,25,28,31,31,31,43,48,81,85,85
 'silli'	9,34
 'netflix'	9,9
 'watch'	9,28,44
 'episod'	9
 '2'	9,17,60,75,80,82,82,85
 'http'	9
 'movi'	9,44
 'com'	9
 'wimovi'	9
 'the_very_best_of_dog_whisperer_with_cesar_millan'	9
 '70270440']	9
['vet'	10
 'corn'	10,10,18
 'base'	10,10,20,20,56,90,91
 'bad'	10,26,80,94
 'may'	10,10,12,12,13,13,13,13,14,20,24,24,25,32,37,42,43,47,47,47,48,48,48,48,49,53,59,61,63,63,66,69,71,72,85,85,91,97
 'bia'	10
 'opinion'	10
 'sinc'	10,13,25,28,31,43,48,63,65,72,87,89,98,99
 'sell'	10,10,89
 'kind'	10,11,40,55,75
 'specialti'	10
 'brand'	10,10,10,40,88
 'explan'	10
 'digest'	10,10,15
 'system'	10,49,93
 'handl'	10,15,90,91,98
 'ask'	10,28,28,36,36,66,72
 'almost'	10
 'nutro'	10,10,10
 'benefit'	10,64,74,85,85
 'includ'	10,20,70,75,85
 'less'	10,10,10,22,30,36,63,70,73,90,91,98,100
 'coat'	10,52,89,89,89,93,93,100
 'shed'	10,10,10,89,89,89,100,100,100
 'switch'	10
 'wit'	10
 'result'	10,15,15,37,47,48,49,76,94
 'mind'	10,28,44,47,91
 'expens'	10,18,29,70
 'purchas']	10,18
['one'	11
 'hear'	11,30,30,37,65,65,76,81,81,97,97
 'plastic'	11,11,11,71
 'bag'	11,11,11,29,29,52
 'contain'	11,16,18,23,35,49
 'remnant'	11
 'fat'	11,16,18
 'anim'	11,18,20,31,34,42,49,52,52,52,53,53,59,59,70,70,70,71,75,75,85,86,90,91,97
 'byproduct'	11
 'tast'	11
 'doubt'	11,52,72
 'though'	11,25,26,30,42,65
 'imposs'	11
 'petroleum'	11
 'acquir'	11
 'scent'	11,31,35,35
 'substanc'	11
 'either'	11,26,47,59,90,97
 'lick'	11,44,49,49
 'common'	11,42,56
 'connect'	11,28,44
 'contact'	11,41,47,49,75
 'groceri'	11,18,40
 'store'	11,18,18,40,52,92
 'lend'	11
 'credenc'	11
 'second'	11,44,73,91,91
 'theori']	11
['would'	12,35
 'night'	12,12,12,12,23
 'cost'	12,14,14,14,18
 'allow'	12,20,20,30,35,36,59,64,70,70,82,90,91,91,91
 'bed'	12,20,70,70,70,70,70
 'resort'	12,73
 'insid'	12,29,70,87,99
 'anger'	12
 'option'	12,36,44,54,90
 'stop']	12
 'nibbl'	13,13
 'affect'	13,32,92
 'long'	13,19,19,26,26,26,28,28,33,36,48,65,69,70,77,81,85,90,92,100
 'latch'	13,96
 'draw'	13
 'blood'	13,77
 'chunk'	13
 'skin'	13,48,49,49,70,70,70,70,70,70,70,87,92
 'danger'	13,15,22,25,80
 'dedic'	13,18
 'spray'	13,26,52,52,52,74,87,87
 'bottl'	13,26,32,52,71,71,87
 'alway'	13,19,23,27,33,42,49,56,73,80,86,91,100
 'hand'	13,49,58,91
 'reduc'	13,13,16,20,20,33,33,41,44,54,54,57,70
 'opportun'	13,63,87
 'bite'	13,13,49,52,65,70,71
 'cri'	13,34,34
 'regularli'	13,19,89,100
 'pay'	13,35,35
 'togeth']	13
['read'	14
 'coverag'	14,14
 'investig'	14
 'insur'	14,14
 'sever'	14,20,48,84
 'year'	14,14,72,80,83,84,84,84,88,88,88,91
 'ago'	14,71,80
 'catastroph'	14
 'premium'	14,14
 'equal'	14,75,79,84
 'annual'	14,42,70
 'exam'	14
 'shot'	14,42
 'provid'	14,24,26,46,61,82
 'minim'	14,21
 'discount'	14
 'point'	14,25,28,44,44,44
 'odd'	14
 'develop'	14,14,19,100
 'cancer'	14,74
 'glad'	14
 'requir'	14,47,57,70,70,76,76,82,99
 'medic'	14,19,38,49,49,85,85
 'surgeri'	14
 'addit'	14,22,42,42,64,65,70,89
 'often'	14,20,20,26,29,31,36,41,48,70,76,77,81,90,93,100
 'age'	14,19,68,68,72,74,83,83,83,84,84,84,85,85,85,85,85,85,85,88,88,88,91
 'threshold'	14,26,36,88
 'polici'	14
 'ten'	14
 'old'	14,14,58,71,71,72,72,78,80,80,80,80,80,83,83,84,84,84,84,84,88,88,89
 'evalu'	14
 'compar'	14,84
 'amount'	14,19,19,20,39,49,53,81,81,82,82,91
 'past'	14
 'current'	14,47,48,99
 'data'	14
 'fail'	14,98
 'estim'	14,81
 'vet']	14
['kitten'	15
 'dairi'	15,15,15
 'adult'	15,51,57,57,70,88
 'lead'	15,28,35,72,91
 'issu'	15,21,69,70,70,75,90,91
 'diarrhea'	15
 'kitten'	15,17,17,19,19,19,19,19,51
 'demand'	15
 'meow'	15,23,96
 'reward'	15,28,28,34,36,36,36,38,44,44,44,44,44,46,46,46,60,62,78,82,82,82,82,94
 'back'	15,23,28,44,44,47,50,50,52,69,87,90,100
 'inform'	15,91,95,95
 'petmd'	15
 'com']	15
['chees'	16
 'tasti'	16,45,67
 'quantiti'	16
 'mayb'	16,30,32
 'fifth'	16
 'special'	16,28,28,52,67,67,92
 'snack'	16
 'instead'	16,50,64
 'altern'	16,30,63
 'hard'	16,20,20,23,31,51,58,81
 'teeth'	16,71,91,96
 'shape']	16
['exercis'	17
 'hour'	17,26,26,26,52,65,70,90,90
 'game'	17,71
 'love'	17,27,40,75,75,75,75,75,75,86,91,91,91,91,99,99,99,100
 'exampl'	17,20,28,34,41,44,45,57,75,100
 'unless'	17,30,75,77,90,90,90,92,93
 'best']	17
['list'	18
 'particular'	18,31,46,50,60,75,91
 'suggest'	18,20,25,29,34,34,34,35,36,51,57,62,65,65,71,77,81,85,87,87,87,89,98,98
 'consid'	18,29,61,83,83,84,85,98
 'ingredi'	18
 'matter'	18,33,46,84,85,85,89,92
 'meant'	18
 'wheat'	18
 'mani'	18,30,33,35,42,50,70,80,80,80,82,82,90,90
 'filler'	18
 'cut'	18,44,52,89,89
 'dri'	18,20,52,63,64,70,70,70,87,92
 'wet'	18,64,70
 'choic'	18,18,20
 'predominantli'	18
 'protein'	18,89
 'healthi'	18,19,52,67
 'happi'	18,20,20,27,28,91,91
 'typic'	18,90
['daili'	19
 'mental'	19,30,75
 'physic'	19,19,19,62,75,75,98
 'babi'	19,34,34,34,34,34,34,34,34,34,35,35,35,35,35,35,91,91,91,91,91,91,91,91,91
 'problem'	19,25,28,30,36,38,44,44,49,49,55,61,70,74,75,75,77,81,81,84,85,85,90,90,91,97,99,100
 'joint'	19,74,79
 'later'	19,31,52,71
 'life'	19,19,49,83,84,91
 'basic'	19,34,70,75,95
 'habit'	19,51
 'regular'	19,46,89,98,100
 'activ'	19,19,19,28,34,51,84,84
 'cornerston'	19
 'consist'	19,41,89
 'stamina'	19
 'caution'	19
 'stage'	19
 'rigor'	19
 'abl'	19,25,70,90,90,91
 'older'	19,80
 'depend'	19,30,30,36,47,57,68,70,70,82,84,90
 'breed'	19,19,19,30,30,30,35,83,91,91,93
 'condit'	19,26,28,36
 'central'	19
 'park'	19,80,80
 'distanc'	19,28,28,28,28,28,30,35,36
 'readi'	19,71,75,98
 'romp'	19
 '10'	19,28,44,69,82
 '15'	19,82,88,88
 'engag'	19,19
 'form'	19
 'initi'	19,71
 'entertain'	19
 'guid']	19
 'warren'	20
 'ever'	20,26,75
 'job'	20,30,82,99
 'evolut'	20
 'do'	20,40,47,70,70,70,77,79
 'prefer'	20,20,20,20,26,27,35,40,65,76,92,93
 'non'	20,20,49,49,70
 'absorb'	20,20,20
 'floor'	20,23,26
 'tile'	20,23,26
 'linoleum'	20
 'mistak'	20
 'newspap'	20
 'catch'	20,76
 'spill'	20
 'reinforc'	20,28,36
 'howev'	20,26,32,42,46,49,49,56,62,62,63,69,85,85,89,90,93,98
 'discuss'	20,75
 'notic'	20,36,39,52,75
 'bunni'	20,20,20,20,20,20,27,67,82,82,82,82,82,82,82,82,82
 'remov'	20,70,79,87,87,87,89,95
 'return'	20,71,75
 'pick'	20,33,33,33,46,60,66,98,98
 'what'	20
 'choos'	20,20,20,20,39,60,78
 'larg'	20,20,20,30,52,57,90
 'elbor'	20
 'imprint'	20
 'conveni'	20,51
 'locat'	20,24,31
 'leav'	20,20,35,36,53,54,61,63,64,70,70,70,75,78,90,90,90,90,90,91,94,94,96
 'someon'	20,28,51,61,90,90,96,98
 'mess'	20,20,20
 'design'	20,29,29,90
 'appropri'	20,60,60
 'softwood'	20
 'pine'	20
 'cedar'	20
 'must'	20,65
 'safer'	20,25
 'paper'	20,20,29,46,87,90
 'hardwood'	20
 'differ'	20,28,30,30,31,39,50,64,80,80,88,91
 'deal'	20,25,64,95
 'number'	20,20,56
 'loos'	20
 'strong'	20,20,70,70,100
 'urg'	20
 'dig'	20,86,86,97,97,97,97,97
 'especi'	20,27,31,32,43,46,52,70,80
 'fli'	20
 'minimis'	20
 'deeper'	20
 'posit'	20,20,20,20,20,28,34,34,46,46,70
 'open'	20,23,23,23,30,30,70,70,71,89
 'away'	20,21,21,24,26,28,28,28,31,33,36,36,38,48,49,65,67,69,90
 'spillag'	20
 'imag'	20
 'show'	20,28,42,44,48,72,74,74,75,91,97
 'ideal'	20,28
 'unlik'	20,30,78,90,100
 'porou'	20,20
 'earthen'	20
 'enclosur'	20
 'plant'	20,54
 'enthusiast'	20
 'nitrogen'	20,20,20
 'empti'	20,52
 'frequent'	20,38,52,70,89,90
 'answer'	20,38,73,84,91,91
 'trya'	20
 'sensit'	20,22,35,70,70,70
 'two'	20,30,41,64,70,75,78,91,91,97
 'trail'	20,20,63
 'occasion'	20,23,82
 'suffer'	20,48
 'excit'	20,20,35,69,80
 'induc'	20,48
 'fecal'	20
 'incontin'	20,85
 'cute'	20,63
 'know'	20,28,28,29,30,35,35,43,45,60,62,64,70,71,72,72,72,72,73,75,77,80,80,91,98,99
 'whether'	20,45,85
 'home'	20,23,28,34,36,39,52,61,61,63,70,90
 'new'	20,34,34,34,48,63,78,78,89,91,98,99
 'vistor'	20
 'neg'	20,25
 'nail'	20,77,97,97
 'clip'	20,79,79,79
 'releas'	20
 'pellet'	20,27,82,82,82,82
 'control'	20,28,35,49,71,71,73,86,89
 'usal'	20
 'joy'	20
 'own'	20,48,85
 'pamper'	20
 'hay'	20,20,27,40,40
 'passiv'	20
 'quit'	20,28,79,95,100
 'opposit'	20,26,48
 'final'	20
 'slightli'	20,23,26,30,40
 'topic'	20,22,70,81
 'note'	20,30,52,79,79,96
 'mention'	20,25,62
 'fed'	20,91
 'recycl'	20
 'excel'	20
 'fertil'	20
 'garden'	20,36,62
 'nice'	20,28
 'leafi'	20
 'green'	20,25,27,40,40
 'veget'	20
 'fee'	20,81,90,90
 'thu'	20,31
 'complet'	20,40
 'circl'	20
 'life']	20
['low'	21
 'output'	21,25,25
 'beam'	21
 'damag'	21,91
 'event'	21,82,91
 'accident'	21
 'shine'	21,21,93
 'reason'	21,28,35,48,75,77,86,88,97,97,100
 'behind'	21,30,43,96
 'illeg'	21
 'pass'	21,30,30,75,82
 'airplan'	21,38
 'possibl'	21,26,29,30,30,34,34,36,44,46,48,48,48,63,63,76,80,90,94,95,96,97
 'blind'	21
 'pilot']	21
['use'	22,32,41
 'red'	22,22,22,55
 'hit'	22
 'power'	22,36
 'visibl'	22,81
 'torn'	22
 'intend'	22
 'worth'	22,37
 'rememb'	22,69,82,91
 'caution']	22
['live'	23
 'caribbean'	23
 'pretti'	23,45
 'hot'	23,26,26,26,26,26
 'whenev'	23,28,28,30,75,91
 'restless'	23,35
 'constant'	23
 'knead'	23
 'claw'	23,96,96
 'cool'	23,26,45
 'tap'	23
 'water'	23,23,26,26,26,32,42,42,52,52,52,54,56,57,57,59,62,64,64,64,64,66,66,70,70,70,70,70,70,87,90,92
 'anytim'	23
 'fan'	23
 'sit'	23,28,28,28,34,47,71
 'chair'	23
 'enjoy'	23,26,43
 'breez'	23,23
 'cold'	23,92
 'rare'	23
 'rug'	23
 'pillow'	23
 'basket'	23,71,71
 'window'	23,23,36,70
 'curtain'	23
 'close'	23,43,44
 'direct'	23,46,70
 'sun'	23,26,70
 'reach'	23,76,91,100
 'door'	23,29,29,30,30,44,70,87,91
 'pa'	23,28,38
 'corner']	23
['great'	24
 'luck'	24,53,64,69,71
 'thundershirt'	24
 'safe'	24,25,28,28,33,33,42,43,49,70,70,85,98,98
 'relief'	24
 'extern'	24,70
 'wall'	24
 'well']	24,55,64,90
['articl'	25
 'princeton'	25
 'pointer'	25,25,25
 'higher'	25
 '5'	25,28,65,71,72,80,80,82
 'mw'	25
 'although'	25,63,64
 'low'	25,26,30,30,44,44,54
 'reflect'	25,25
 'surfac'	25,26,33,41,41,41,70,70
 'beyond'	25,30,42
 'hunt'	25,29,29,29,31,31,31,51,51
 'redirect'	25
 'excess'	25
 'groom'	25,48,89,89,100
 'aggress'	25,28,28,30,57,85,85,85,91,100
 'session'	25
 'stuff'	25,28,40,52
 'similar']	25
['need'	26
 'refresh'	26,26
 'perfectli'	26,26
 'capabl'	26
 'stay'	26,26,36,46,47,70,75
 'inact'	26
 'period'	26,65
 'genet'	26,50
 'program'	26
 'predat'	26,43
 'conserv'	26
 'seclud'	26
 'lurk'	26
 'prey'	26,43,43
 'ambush'	26,96
 'exhaust'	26
 'overheat'	26,26
 'fast'	26,35,44,52
 'shade'	26,26
 'retreat'	26,26,63
 'access'	26,26,26,26,70,80,90,90
 'fresh'	26,26,26,27,27,70
 'ventil'	26
 'air'	26,26,70
 'bush'	26,76
 'grass'	26,70
 'normal'	26,42,44,69,71
 'worri'	26,92
 'fur'	26,26,26,26,48,52,52,87,92
 'insul'	26
 'speci'	26,26,30,30,55,56,58,58
 'heat'	26,26,26,43
 'propag'	26
 'onto'	26,30,41,87,96
 'bodi'	26,43,50,50,75,82,91
 'toler'	26,80
 'longer'	26,28,76,90
 'exchang'	26
 'mostli'	26,40,47
 'breath'	26
 'perhap'	26,52,52
 'lay'	26
 'cooler'	26
 'idea'	26,31,46,51,56,76,78
 'essenti'	26
 'even'	26,28,28,30,30,30,30,33,40,43,47,51,53,62,71,72,73,75,84,90,91
 'climat'	26
 'hottest'	26
 'sprinkler'	26
 'intent'	26
 'utterli'	26
 'dislik'	26
 'run'	26,28,28,70,77,77
 'achiev'	26,28
 'stress'	26,44,64,90
 'cat']	26
['miss'	27
 'found'	27
 'veggi'	27,27,40,82
 'chubbi'	27
 'carrot'	27,27,82
 'top'	27,49,81,96
 'orang'	27
 'part'	27,30,53,64,69,70,77,82,82,82,82,82,91,91,91,100
 'bug'	27,71,94
 'celeri'	27
 'string'	27,29,29,44,51
 'stock'	27,70
 'could'	27,47,48,49,52,62,65,65,67,71,90,91,91
 'choke'	27,66
 'dandelion'	27
 'romain'	27
 'lettuc'	27
 'favourit'	27
 'guy'	27
 'good']	27
['distract'	28
 'via'	28
 'voic'	28,65
 'manag'	28,90,90
 'term'	28,28,28,32,36,40,47,85,90
 'view'	28
 'distract'	28,28,37,86,86
 'alon'	28,53,73,90,90,94
 'reli'	28
 'e'	28,28,28,28,75,100
 'techniqu'	28,32
 'incompat'	28,28
 'perform'	28,98
 'exhibit'	28
 'lung'	28,28,28,28,28,28
 'ensur'	28,49,70,89,90
 'motiv'	28,28,28,82,82
 'super'	28
 'yummi'	28,44,67
 'sausag'	28
 'steak'	28
 'whatev'	28,28,29,30,33,93
 'simpl'	28,28,36,36,100
 'lose'	28,28,41,86,93,98
 'solut'	28,61,70,70,70,70,70,70,87,91
 'call'	28,48,82,82,100,100
 'desensit'	28
 'counter'	28,36
 'gradual'	28,28
 'trigger'	28,28,28,96
 'reaction'	28,30,37,47,48,87
 '99'	28,60
 'outcom'	28,91
 'recruit'	28,36
 'main'	28,100
 'fenc'	28,29,30,30,30,30,30,30,30,30,30,30,30,30,36,36,36,62,90,90
 'warn'	28
 'signal'	28
 'growl'	28,91,91
 'rais'	28,75,75,75
 'heckl'	28
 'hammer'	28
 'behav'	28,35,84
 'certain'	28,91
 'realis'	28
 'closer'	28,36,51,67
 'undo'	28,28,38
 'punish'	28,46,46,71,75
 'push'	28,99
 'situat'	28,28,63,80,80,82,90
 'wait'	28,68,70,72,90,94,98
 'resist'	28,62,62
 'slow'	28,30,69,80
 'unfortun'	28,69,70
 'tendenc'	28
 'fearsom'	28
 'kid'	28,28,28
 'scar'	28,66
 'desir'	28
 'outcom']	28
 'market'	29,73
 'stimul'	29,71
 'stick'	29,29,67
 'mimic'	29,29,76
 'involv'	29
 'hide'	29,31,31
 'climb'	29,29,43,70
 'scratch'	29,41,52,52
 'tree'	29,29,67,67,70,70,70,70,70
 'mount'	29,85
 'frame'	29
 'pounc']	29
 'territori'	30,30,30,30,30,30,63,63,65
 'protect'	30,30,30,30,33,43,43,65,72,91,91,92,93
 'artifici'	30,39
 'border'	30
 'separ'	30,44,53,90,91,91
 'tho'	30,30
 'observ'	30,30,30,35,60,99
 'bark'	30,30,30,30,30,30,36,36,36,36,36,36,61,73,73,73,75,78,78,78,78,90
 'passer'	30,30,30,30,30,30
 'soon'	30,33
 'previous'	30,52
 'describ'	30,96
 'somewhat'	30,47,71
 'expect'	30,49,72,84,85
 'approach'	30,30,30,36,36,36
 'barrier'	30
 'adopt'	30
 'precondit'	30
 'greatli'	30,56
 'lenient'	30
 'stranger'	30,30,30,30,30,36,36,36,36,36,36,80
 'permiss'	30,35,75
 'kennel'	30,52
 'within'	30,30,52,76
 'individu'	30,68,70,70,84
 'peck'	30
 'order'	30,71,71,71,75,75,80
 'advis'	30,42,70,93
 'chain'	30
 'sort'	30,50,100
 'inconveni'	30,63
 'mere'	30
 'yet'	30,48,51,87
 'identifi'	30
 'sight'	30
 'vari'	30,56,70
 'protrud'	30
 'street'	30,78
 'least'	30,57,68,81,85,98
 'neighbour'	30,65
 'incom'	30
 'nearli'	30,81
 'brush'	30,89,100,100,100,100,100,100
 'surpris'	30,43
 'vigor'	30
 'recess'	30
 'inward'	30
 'space'	30,31,43,47
 'pathway'	30
 'anyway'	30
 'frequenc'	30,44
 'origin'	30
 'freeli'	30
 'lawn'	30
 'threaten'	30,49,82
 'appli'	30,30,33,49,49
 'rule'	30,30,30,38,56,57,84,93
 'nervou'	30,64,64,66
 'easier'	30
 'mitig'	30,39,48
 'terrier'	30
 'particularli'	30,35,98,100
 'name'	30,44,82
 'shepherd'	30,75,93
 'hound'	30
 'thumb'	30,56,57
 'energet'	30
 'togeth'	30,34,36
 'figur']	30,39
['common'	31
 'shoe'	31,31,31,77,77,77,77,77,77,77
 'stash'	31
 'hidden'	31
 'sneaki'	31
 'peopl'	31,31,47,69,72,80
 'overlook'	31
 'present'	31
 'whoever'	31
 'retain'	31,43
 'wear'	31
 'gift'	31
 'proof'	31
 'prowess']	31
 'squirt'	32,32,32
 'hurt'	32,33
 'discourag'	32,62,62
 'intract'	32
 'dissuas'	32
 'reaction']	32
['child'	33
 'snail'	33,33,33,33,33,33,33,45,55
 'shell'	33,33
 'burgundi'	33
 'sturdi'	33
 'wont'	33,58
 'crush'	33
 'grab'	33
 'finger'	33
 'distribut'	33
 'evenli'	33
 'foot'	33,33,33
 'mucu'	33,33
 'secret'	33,48
 'aid'	33
 'locomot'	33
 'friction'	33
 'risk'	33,41,85,85,85,91
 'mechan'	33
 'injuri'	33,84
 'sharp'	33,33
 'object'	33,63
 'crawl'	33
 'straight'	33
 'razor'	33
 'injur'	33
 'rip'	33
 'lift'	33,33
 'gentli'	33,59
 'light'	33,33,39,39,48,92
 'twig'	33
 'touch'	33,75,91
 'antenna'	33
 'retract'	33
 'cours'	33,34,84
 'snail']	33
['human'	34,84
 'unit'	34
 'state'	34,49,71
 'prepar'	34
 'sound'	34,34,34,69,69,76,76,76,76,82,87,91,91,98
 'nois'	34,35,35,37,38,38,38,44,44,44,91
 'introduct'	34
 'blanket'	34,43,70
 'alarm'	34
 'greet'	34,75,75
 'without'	34,52,53,55,64,64,70,80,82,86,98
 'arriv'	34
 'limit'	34,38,82,90
 'burst'	34
 'extend'	34,90
 'babi']	34
 'familiar'	35,35,42
 'item'	35,35
 'burp'	35
 'rag'	35
 'sniff'	35,35,78
 'commun'	35,91,96,96
 'respect'	35,75,75,75,75,75,90
 'attack'	35,43,43,80,96,96,96
 'overli'	35,80
 'rough'	35,77
 'articl'	35,74,79,79,95,95
 'web'	35
 'toddler'	35,35,91
 'seek'	35,35
 'tip'	35
 'research'	35,48
 'mix'	35,52,59,67,70,70,71,78
 'startl'	35,63
 'motion'	35
 'equip']	35
['tricki'	36,70
 'fact'	36,77
 'passerbi'	36
 'yay'	36
 'none'	36
 'tildalwav'	36
 'temporarili'	36
 'passersbi'	36
 'desensitis'	36,38
 'near'	36,60,75,87,91,91
 'tm'	36
 'quicker'	36,71,76
 'unwant'	36
 'plenti'	36,70,91
 'patienc'	36,38,47,76,76
 'take']	36
['may'	37
 'engin'	37
 'irrit'	37,70,70,87,95
 'vocal'	37
 'displeasur'	37
 'honest'	37
 'heard'	37,67
 'ear'	37,52,70,70
 'safe']	37
['addit'	38
 'john'	38
 'cavan'	38
 'howl'	38,38
 'plane'	38,38
 'search'	38,81
 'youtub'	38
 'misjudg'	38
 'tm']	38
['accord'	39
 'variou'	39,64,85
 'behaviourist'	39
 'circadian'	39
 'rhythm'	39
 'daylight'	39,39,39
 'differenti'	39
 '6'	39,68,72,80,82,83,85,90,91
 'pm'	39,39
 '7'	39,82,83,98
 'cycl'	39
 'chang'	39,39,68,68,72,72,72,75,88,88
 'adjust'	39,39,39,39,78,80,81
['find'	40,52
 'timothi'	40,40
 'banana'	40
 'peel'	40
 'grape'	40
 'sweet'	40
 'hate'	40,47
 'avail'	40,41,54,92,92
 'list'	40,45,45
 't'	40
 'food']	40
 'magnet'	41,41,58,58
 'fish'	41,45,45,56,56,56,56,56,56,56,56,57,57,57,57,81,81,81,81,98
 'tank'	41,54,98
 'glass'	41,41,58
 'shape'	41
 'grip'	41
 'alga'	41,45,45,58,58,58,81
 'free'	41,90
 'sand'	41,41,77
 'dirt'	41,70,70,92,100
 'float'	41,81
 'version'	41
 'aquarium'	41,56
 'retriev'	41,89
 'water']	41
['gener'	42,57,89,93,100
 'speak'	42,62,89,91
 'drink'	42,62,62,62,64,66
 'leptospira'	42
 'genu'	42
 'excret'	42
 'infect'	42,77,85
 'surviv'	42
 'month'	42,52,52,69,70,71,71,72,72,72,74,80,80,80,85,85,91,93,93,93,98
 'inocul'	42,42
 'leptospirosi'	42
 'seriou'	42
 'consult'	42,91
 'pathogen'	42
 'waterway'	42
 'live']	42
['secur'	43
 '4'	43,56,65,75,82
 'element'	43,54
 'escap'	43
 'src'	43
 'secur'	43,43
 'resembl'	43
 'cave'	43
 'theoret'	43
 'jump'	43,70,92
 'pounc'	43,43,51,51
 'stalk'	43
 'atop'	43
 'catnip'	43
 'cozi'	43
 'soft'	43
 'favorit'	43,88
 'comfi'	43
 'nest'	43
 'src']	43
['tri'	44
 'overcom'	44
 'tv'	44,44,44
 'hang'	44,71
 'repeatedli'	44
 'level'	44,48,48,70
 'fine'	44,59,98
 'cheap'	44
 'pea'	44
 'chees'	44
 'decreas'	44,85
 'rate'	44
 '60'	44
 'continu'	44,70,89
 'lip'	44
 'car'	44,70,98
 'drive'	44
 'sidewalk'	44,44
 'heavili'	44
 'strang'	44,78
 'scari'	44
 'treat']	44
['type'	45
 'eater'	45
 'otocinclu'	45
 'sp'	45,45
 'american'	45,49,85,85
 'flagfish'	45
 'neritina'	45
 'zebra'	45
 'whiptail'	45
 'catfish']	45
['ultim'	46
 'repetit'	46,76
 'key'	46,76
 'obvious'	46
 'repeat'	46,76
 'apart'	46,55,68
 'earli'	46,74,80,80,85,85
 'confus'	46,79
 'bathroom'	46,90,90
 'complic'	46
 'significantli']	46
['feral'	47
 'feral'	47,47
 'bear'	47,50,91,91
 'abandon'	47
 'amen'	47
 'law'	47
 'half'	47,52,70,70
 'dozen'	47
 'rescu'	47,66
 'offspr'	47,91
 'willing'	47
 'persian'	47
 'badli'	47
 'abus'	47
 'deathli'	47
 'men'	47
 'suck'	47
 'meet'	47,78,78,78,78,78,78,91
 'mom'	47,71
 'entir'	47,70,70,70,70,70,100
 'keen'	47
 'repres'	47
 'disrupt'	47
 'real'	47,88,91
 'specif'	47,52,90,91
 'nutti'	47
 'dignifi'	47
 'suffici'	47,90
 'offenc'	47
 'anyway']	47
['oddli'	48
 'color'	48,48,48,48,48,48,58
 'studi'	48,48,48,48,48,48,48,74,74
 'darker'	48,48
 'allerg'	48
 'unclear'	48
 'island'	48
 'colleg'	48
 'hospit'	48
 'york'	48
 'specul'	48
 'produc'	48,48,48,48
 'allergen'	48
 'fel'	48,48,48,48
 'saliva'	48,48
 'lighter'	48
 'felin'	48,48
 '321'	48,48
 'patient'	48,48
 'dark'	48,88,95
 'four'	48
 'friend'	48,48,69,80,98
 'moder'	48,82,82
 'allergi'	48,48
 'symptom'	48
 'accord'	48,48,50
 'report'	48
 'publish'	48
 'annal'	48
 'asthma'	48
 'immunolog'	48
 'scienc'	48
 'reportedli'	48
 'exact'	48
 'titl'	48
 'relat'	48,49,84
 'hair'	48,88,89,100,100
 'length'	48,56,56,56
 'due'	48,97
 'govern'	48
 'shutdown'	48
 'previou'	48
 'insuffici'	48
 'random'	48
 'cohort'	48
 'male'	48,48,48,68,85,85,85,85
 'femal'	48,85,85
 'intact'	48
 'neuter'	48,74,74
 'culprit'	48
 'hormon'	48
 'sebac'	48
 'gland'	48
 'abundantli'	48
 'exposur'	48
 'groom']	48
['among'	49
 'attract'	49
 'flavor'	49
 'calamin'	49
 'lotion'	49,49,49,49,49
 'diaper'	49
 'rash'	49
 'ointment'	49,49
 'sunblock'	49
 'analges'	49
 'acid'	49,89
 'aspirin'	49
 'prove'	49
 'toxic'	49
 'ingest'	49,49
 'aspca'	49
 'poison'	49
 'center'	49
 'lax'	49
 'stomach'	49
 'anticip'	49
 'suddenli'	49
 'appear'	49,85,99
 'ill'	49,62,95
 'proper'	49,93
 'safeti'	49,63
 'health'	49,62,82,89
 'prioriti'	49
 'cours']	49
 'curl'	50
 'flat'	50,69
 'rest'	50,50,65,97
 'mutat'	50,50
 'pain'	50,52,52
 'structur'	50
 'mine'	50,72
 'allow']	50
 'grasp'	51
 'jaw'	51
 'target'	51
 'demonstr'	51,98
 'wors'	51
 'lace'	51
 'challeng'	51,82
 'establish'	51,96,98,98
 'ultim'	51,90
 'outgrow'	51
 'interest'	51,69,76,80,98,99
 'hunt']	51
 'stray'	52
 'gate'	52,63,91,91
 'cover'	52,70,89
 'flea'	52,52,52,52,52,52,70,70,70,70,70,70,70,70,70,70,70,70,70,70,70,70,70,70,70
 'huge'	52,53,99
 'aerosol'	52
 'nozzl'	52
 'powder'	52,52,59
 'noth'	52,62,73
 'luke'	52
 'warm'	52,52,70,70,70,70,70,70,70
 'fulli'	52,80
 'dous'	52
 'asleep'	52,69
 'woke'	52
 'gnaw'	52
 'ankl'	52
 'rear'	52
 'shampoo'	52,52,52,93
 'soap'	52,92,92,92,92,93
 'mouth'	52,91,91
 'bath'	52,70,70,75,91,92,92,93,93,93,93,95
 'rins'	52,70,70,70,70
 'towel'	52,70,87,87,87,92
 'thoroughli'	52,70,70,70,70
 'migrat'	52
 'expos'	52,80,98
 'ordinari'	52,80
 'smooth'	52
 'san'	52
 'wound'	52
 'dust'	52,52
 'swept'	52
 'friski'	52
 'prior'	52,96
 'treatment'	52,70,95
 'advic'	52,91,91
 'gap'	52
 'disinfect'	52
 'vacuum']	52
['think'	53,97
 'pack'	53,53,53,53,53,57,65,91,91,91,91,91,91
 'distress'	53
 'address'	53
 'surprisingli'	53
 'substitut'	53
 'work']	53,61
['consid'	54
 'ph'	54,54,54
 'ad'	54,82
 'drift'	54
 'indian'	54
 'almond'	54
 'oak'	54
 'leach'	54
 'tannin'	54
 'inject'	54
 'co2'	54
 'filter'	54
 'peat'	54,54
 'moss'	54
 'commerci'	54
 'granul']	54
['keep'	55
 'tetra'	55,55,55,55,55,55,57
 'cardin'	55
 'rummi'	55
 'balloon'	55
 'penguin'	55
 'neon'	55,55
 'harlequin'	55
 'rasbora'	55
 'nerit'	55
 'amano'	55
 'shrimp'	55
['determin'	56
 'capac'	56
 'total'	56,82,91
 'freshwat'	56
 'tropic'	56,57
 'inch'	56,57
 'per'	56,56,57,57,70,82,88
 'gallon'	56,57,57
 '25'	56
 'mm'	56
 'liter'	56
 'other']	56
 'plan'	57,87
 'roam'	57,85,90
 'oscar'	57
 'flowerhorn'	57
 '40'	57
 'semi'	57
 'african'	57
 'cichlid'	57
 'dens'	57
 'guppi'	57
 'aim'	57
 'fish']	57
['alga'	58
 'brown'	58
 'diatom'	58
 'settl'	58
 'cleaner'	58,58
 'wrap'	58
 'cloth'	58,59,70
 'toothbrush'	58
 'mainten'	58
 'crew']	58
['avoid'	59
 'oatmeal'	59,59
 'itch'	59
 'chicken'	59
 'pox'	59
 'grind'	59
 'damp'	59
 'oatmeal']	59
['meal'	60
 'field'	60,78
 'mother'	60
 'tongu'	60
 'poo'	60,60,60,60,60
 'reflex'	60
 'action'	60
 'someday'	60
 'someplac'	60,75
 'mark'	60,63,85
 '3'	60,75,78,82,85,85
 'appreci'	60
 'better'	60
 'luck']	60,91
['expect'	61
 'mum'	61
 'compani'	61,73,86,86,86
 'neighbor'	61,73
 'awhil'	61
 'request'	61,75
 'somebodi'	61
 'everybodi'	61,75
 '50'	61,70,70
 'ball'	61,64
 'rid'	61
 'lock'	61
['frankli'	62
 'stream'	62
 'exactli'	62
 'foul'	62,62
 'talk'	62,65,76,76,76,76
 'clue'	62
 'tell'	62
 'u'	62,64,69,71,71,72,72,72,75
 'felt'	62
 'panic'	62
 'distant'	62,75
 'measur'	62,75,89
 'boundari'	62
 'go']	62
 'cautiou'	63
 'involuntarili'	63
 'unfamiliar'	63,90
 'spook'	63
 'explor'	63,63
 'improv'	63,85
 'attempt'	63
 'chin'	63
 'disappear'	63
 'likewis'	63
 'easili']	63
['good'	64
 'obes'	64,64,81
 'tiger'	64,64
 'diner'	64,64
 'bowl'	64,91
 'feeder'	64,64
 'vacat'	64
 'relax'	64,67,94
 'broth'	64
 'offer'	64,85,87
 'calori'	64
 'overweight'	64,100
 'timid'	64
['probabl'	65
 'lone'	65
 'mistu4u'	65,65
 'record'	65
 'comfort']	65
['anim'	66
 'servic'	66
 'explain'	66,98
 'bird'	66,76,76,76,76,76,76,76,76,79,79,90
 'excitedli'	66
 'choke']	66
['fruit'	67
 'review'	67
 'cherri'	67
 'extra'	67
 'branch'	67,67
 'guest'	67,67
 'weight'	67,82
 'fruit'	67,67,82,82
 'harvest'	67
 'winter'	67
 'prune'	67
 'line'	67,80
 'collect']	67
['bring'	68
 'colli'	68,69
 'cross'	68,69
 'cock'	68
 'guess'	68
 'optimum'	68
 'minimum'	68
 'desex'	68,72
 '8'	68,70,71,72,80,85,88,90
 'month']	68
['honest'	69
 'limitless'	69
 'extent'	69
 'load'	69
 'magic'	69
 'devic'	69,82
 'round'	69
 'class'	69
 'sting'	69
 'hyperact'	69
 'occupi'	69
 'difficult'	69,82
 'suitabl'	69
 'definit'	69,70
 'fall'	69,100
 'social'	69,78,80,80,80,80,82,86
 'time']	69
 'face'	70,99
 'erad'	70
 'man'	70,72,75
 'chemic'	70,70,70,70
 'combat'	70
 'carri'	70
 'season'	70,70,70,87,89,100
 'weather'	70,70,70,70
 'whole'	70
 'weekend'	70
 'concurr'	70
 'hidey'	70
 'hole'	70,97,97,97,97
 'regim'	70,70
 'laundri'	70
 'tub'	70
 'submers'	70
 'varieti'	70
 'eucalyptu'	70,70,70,70
 'woolmix'	70
 'wash'	70,70,70
 'woolen'	70
 'deterr'	70,70
 'mixtur'	70,70,70,70,70,70
 'oat'	70
 'remedi'	70
 'premix'	70
 'combin'	70,70
 'trial'	70
 'error'	70
 'optim'	70,72
 'tea'	70,70,70,70,70
 'oil'	70,70,70,70,70,70,95
 'lavend'	70,70
 'three'	70
 'litr'	70
 'bucket'	70
 'cap'	70,70,70,89
 'satur'	70
 'washer'	70
 'toe'	70
 'groin'	70
 'roll'	70
 'tie'	70
 'throughout'	70,91
 'weekli'	70
 'subsequ'	70,91
 'infest'	70
 'fro'	70
 '20'	70,88
 'decad'	70
 'intern'	70
 'whilst'	70
 'carpet'	70
 'vacuum'	70
 'loung'	70,78
 'famili'	70,75,85,91,96
 'bomb'	70,70,70,70
 'strateg'	70
 'ga'	70
 'diffus'	70
 'vehicl'	70,70,70
 'travel'	70
 'portal'	70
 'boot'	70
 'cabin'	70
 'infus'	70
 'tough'	70
 'concret'	70
 'pave'	70
 'plagu'	70,70
 'hope'	70,75
 'better']	70
['expert'	71
 'coupl'	71,71
 'send'	71
 'learnt'	71
 'chanc'	71,87
 'doggi'	71,71
 'insist'	71
 'useless'	71
 'fulfil'	71
 'recov'	71
 'forget'	71
 'brain'	71
 'playtim'	71
 'tire'	71
 'milk'	71
 'soda'	71
 'bump'	71
 'paw'	71
 'faster'	71
 'ref'	71
 '9'	71,72
 'patienc']	71
['sure'	72
 'thought'	72
 'oper'	72
 'domin'	72,96
 'refus'	72
 'mainli'	72
 'invit'	72,78
 'gentl'	72
 'question'	72,91
 'guard'	72
 'instanc']	72
['peopl'	73
 'collar'	73,73,73,73,78
 'last'	73,79
 'rude'	73,80,80
 'restrict'	73
 'sister'	73
 'labrador'	73,92
 'constantli'	73
 'presenc'	73
 'french'	73,75
 'mastiff'	73,75
 'electr'	73,73
 'shock'	73
 'vibrat'	73
 'pet']	73,75,98
['answer'	74
 'millan'	74
 'websit'	74,74
 '14'	74
 'edit'	74
 'neuter']	74
['okay'	75
 'admit'	75
 'german'	75,93
 'alex'	75,75,75
 'elder'	75
 'brother'	75,75,75,75,75
 'earlier'	75,87
 'absenc'	75
 'leadership'	75
 'leader'	75,75,75,75,75,75,75,75,75,91
 'full'	75,96,96,96
 'properli'	75,79
 'out'	75,78
 'b'	75,85
 'toilet'	75,90,97
 'c'	75,85,85
 'qualiti'	75,75,89,89
 'et'	75,85,85
 'al'	75,85,85
 'possess'	75
 'proprietor'	75
 'enter'	75
 'pat'	75,87,91,91
 'softli'	75
 'fool'	75
 'disturb'	75
 'strict'	75
 'attitud'	75
 'garner'	75
 'principl'	75
['parrot'	76
 'parrot'	76,76,76
 'isol'	76
 'vital'	76
 'mirror'	76
 'budgerigar'	76
 'youth'	76
 'word'	76,76,82
 'phrase'	76
 'arm'	76
 'singl'	76,98
 'persist'	76
 'complex'	76
 'arrang'	76,98
 'sad'	76
 'australian'	76
 'lyrebird'	76
 'imit'	76
 'chainsaw'	76
 'destroy'	76
 'nativ'	76
 'land']	76
['necess'	77
 'hors'	77,77,77,77,77
 'race'	77,88
 'purpos'	77
 'stone'	77
 'write'	77
 'land'	77
 'birth'	77
 'numb'	77
 'exterior'	77
 'besid'	77
 'flow'	77
 'shod'	77
 'necessari']	77
['ideal'	78
 'socialis'	78
 '17'	78
 'path'	78
 'imo'	78
 'unknown'	78,80
 'acquaint'	78
 '100'	78
 'highli'	78
 'day']	78
['wikipedia'	79
 'wing'	79,79,79
 'extens'	79
 'pinion'	79
 'advoc'	79
 'trim'	79
 'feather'	79,79
 'painless'	79
 'temporari'	79
 'molt'	79
 'balanc'	79
 'fall']	79
['puppi'	80
 'neat'	80
 'younger'	80
 'roughli'	80
 'character'	80
 'sexual'	80
 'matur'	80
 'correct'	80
 'accept'	80,91,91
 'bewar'	80
 'vicious'	80
 'comment'	80
 'adept'	80
 'crucial'	80
 'often']	80
['estim'	81
 'five'	81,84
 'everyth'	81,81,96
 'track'	81
 'eaten'	81
 'pond'	81
 'insect'	81
 'guidelin'	81
 'overfe'	81
 'massiv'	81
 'growth'	81
 'goldfish']	81
['treat'	82
 'sugar'	82,82,82,82,82,82
 'metabol'	82
 'proportion'	82
 'receiv'	82,91
 'cup'	82
 'lb'	82
 'kg'	82,91
 'daili'	82,82,98
 'raisin'	82
 'trainabl'	82
 'keyword'	82
 'quick'	82
 'command'	82
 'unsur'	82
 'gambl'	82
 'addict'	82
 'entic'	82
 'visitor'	82
 'process']	82
['vari'	83
 'larger'	83
 'span'	83
 'approxim'	83
 'term']	83
 'seven'	84,84
 'inaccur'	84
 'account'	84
 'eg'	84
 'nonlinear'	84
 'metric'	84
 'determin'	84
 'valu'	84,85
 'ie'	84
 'juvenil'	84
 'senil'	84
 'prone'	84
 'dog']	84
['male'	85
 'respond'	85
 'castrat'	85,85,85,85,85
 'alter'	85
 'objection'	85
 'toward'	85
 'member'	85,91,91,96
 'few'	85
 'third'	85,91,98
 'durat'	85,85
 'predict'	85,91
 'benefici'	85,85
 'neilson'	85,85
 '1997'	85,85
 'spay'	85
 'urinari'	85,85
 'tract'	85
 'earlyag'	85
 'gonadectomi'	85,85,85,85
 'shelter'	85
 'gonadectom'	85
 'veterinari'	85,85,85
 'practition'	85
 'client'	85
 'tradit'	85
 'delay'	85
 'spain'	85,85
 '2004'	85,85
 'refer'	85,85
 'jacquelin'	85
 'robert'	85
 'eckstein'	85
 'l'	85
 'hart'	85
 'journal'	85,85
 '211'	85
 '180'	85
 'victor'	85
 'janet'	85
 'scarlett'	85
 'katherin'	85
 'houpt'	85
 '224'	85
 '380'	85
 '387']	85
 'polit'	86
 'mate'	86
 'behavior']	86
['allergi'	87
 'wipe'	87
 'pollen'	87,87,87
 'cling'	87
 'vinegar'	87
 'reus'	87
 'promis'	87
 'spring']	87
['8'	88
 'concid'	88
 'senior'	88,88
 'fix'	88
 'lifespan'	88
 '12'	88
 'gray'	88
 'point']	88
 'examin'	89
 'supplement'	89,89,89
 'fatti'	89
 'dha'	89,89
 'pill'	89,89
 'cheaper'	89
 'dosag'	89
 'gel'	89
 'squeez'	89
 'furnitur'	89,97,97
 'remedi']	89
['speak'	90
 'knowledg'	90
 'facil'	90
 'gorg'	90
 'instinctu'	90
 'wolf'	90
 'necessari'	90,90
 'adequ'	90
 'fit'	90,91
 'destruct'	90
 'bedtim'	90
 'morn'	90
 'overnight'	90
 'yard'	90,90
 'solv'	90,90
 'uncomfort'	90,90
 'unchain'	90
 'smart'	90
 'kept'	90
 'theft'	90
['go'	91
 'reiter'	91
 'iklsr'	91
 'ashley'	91
 'cautionari'	91
 'tale'	91
 'tricki'	91
 'newborn'	91,91,91
 'rottweil'	91,91,91
 'beauti'	91
 'obedi'	91,91
 'approx'	91
 '18'	91
 'needless'	91
 'defin'	91
 'heart'	91
 'master'	91
 'manner'	91
 '55'	91
 'arthrit'	91
 'self'	91
 'son'	91,91
 'iron'	91
 'boy'	91
 'bar'	91
 'snap'	91
 'agon'	91
 'veterinarian'	91
 'decis'	91
 'euthan'	91
 'weigh'	91
 'inflict'	91
 'pug'	91
 'outright'	91
 'notion'	91,91
 'english'	91
 'percept'	91
 'rank'	91
 'firm'	91
 'infant'	91,91
 'jealou'	91,96
 'bestow'	91
 'subtli'	91
 'factor'	91
 'n'	91
['natur'	92
 'dirti'	92
 'waterproof'	92
 'smelli'	92
 'approv'	92
 'onlin'	92
 'layer'	92
 'much']	92
 'instruct'	93
 'itchi'	93
 'twice'	93
 'problemat'	93
 'bother']	93
['someth'	94
 'bother'	94
 'alon']	94
['ye'	95
 'parasit'	95
 'mite'	95,95
 'vector'	95
 'snake'	95,95,95,95,95
 'white'	95
 'mite']	95
['sound'	96
 'preced'	96
 'bout'	96
 'dish'	96
 'rang'	96
 'swat'	96
 'templ'	96
 'buri'	96
 'affection'	96
 'signific'	96
 'scruff'	96
 'clearli'	96
 'undesir']	96
 'sharpen'	97,97
 'wooden'	97
 'den'	97
 'frankli'	97
 'aforement']	97
['first'	98
 'foremost'	98
 'chore'	98,98,98,98,98
 'surrog'	98
 'assign'	98
 'timefram'	98
 'aspect'	98
 'task'	98
 'supervis'	98,98
 'test'	98
 'commit'	98,99
 'scoop'	98
 'charg'	98
 'dispos'	98
 'shoulder'	98
 'portion'	98
 'burden'	98,99
 'household'	98
 'duti'	99,99,99
 'unhappi'	99
 'execut'	99
 'reluct'	99
 'decid'	99
 'wise']	99
 'mat'	100,100
 'suscept'	100
 'spring'	100
 'occur'	100
 'goal'	100
 'facilit'	100
 'wire'	100
 'rake'	100
 'undercoat'	100
 'fairli'	100
 'advantag'	100
 'santiz'	100
 'hairbal'	100
 'cord'	100
 'tangl']	100
